PageRank from largest to least following: 
7899982
458897186
275570583
22229621
75939851
5436752
7821492
6368672
19483147
14202817
47015938
14313755
16734561
15304923
165964253
487072890
81962011
91443374
19966557
360882965
460693601
305888449
14838800
20221130
14450509
248049056
6687652
563200400
14749606
1260231
757502
155696919
17408993
353101127
10044992
13927832
245421629
8132642
104937383
15543818
18976476
23771687
13538092
15725851
8940282
14904282
1859981
12081222
17938005
148943
18317233
8003822
14267393
12544312
7461782
109186893
9616792
13648692
15187243
5827292
9943672
130268655
16007011
1656891
79033767
20755177
8866342
14892191
98065221
606083
15162141
17937655
10587552
234270825
662423
58166411
14220606
487851005
22084427
198410517
11322372
16215038
5854882
13334762
17798441
180505807
15819085
68824195
21196272
6253882
21145764
5264791
16461070
33633793
5813712
51518017
15801446
183836186
15166546
14471007
12007182
17864230
636923
19507576
287713
19101100
5634142
16004268
16912257
16317798
271605782
17459034
57739496
9767472
21965123
8067082
83971810
22588327
2735631
16119767
6503412
9863222
51123
13839772
15302100
19327052
14142965
6731422
761
16803822
6160742
19223
16934483
17633994
14809096
24340234
668423
326658079
18248772
14202711
18414485
8630302
20554406
14367669
9411772
179339999
15775613
27985216
14231571
14172562
15109716
19208772
17245224
163449492
12741
765548
638323
30331404
12725022
9611352
11178592
67157376
14086492
19042640
8708232
15384741
6331462
6001592
18974638
17384098
17561826
551433993
2372
255617445
1566521
40198602
2727051
10476462
652193
6735
35357461
25583917
528
20904050
14819149
62415556
8630562
10013512
136865608
16353769
15583257
6088382
380
47
15459980
13019862
5994452
586
713263
15639334
377821426
17729005
14163141
14178728
13462502
15236339
14
19094625
12800212
728163
9283582
8479062
1678471
1371101
883301
13141442
1186
3191321
663463
20496869
14710479
1765921
174958347
13652832
29294520
19479427
57378470
14087951
15911247
17129553
7415132
15540222
22253
14305022
18498878
398874773
12831
